    unsorted:	 4069.637175 4014.185094 3939.547965 4132.372012 3802.926800 3834.408035 3737.160813 4285.372606 4338.202640 4462.362508 4498.305940 3485.183811 3549.933447 4729.025437 4751.527475 3242.239794 3264.070652 4985.363424 5192.962233 5376.601787 5483.721111 5784.132264 5856.850065 6053.792720 2625.987745 2437.550244 6480.694956 2126.850454 1826.139927 6934.933806 7112.326410 11.89758897 7.850308524 13.22146001 38.27790718 148.5768199 120.9398241 469.2441147 384.4566955 940.3489755 1067.412687 803.3246989 7920.099572 8005.741507 8438.910158 8870.831278 10204.70341 10613.57195 11249.96507 11653.40511 14335.16753 16018.18807 18316.89498 21434.90775 24403.56818 30193.25629 32394.35267 37416.16971 40602.16751 45109.79196 84063.05829 555016.6009 1368723.982
      sorted:	 7.850308524 11.89758897 13.22146001 38.27790718 120.9398241 148.5768199 384.4566955 469.2441147 803.3246989 940.3489755 1067.412687 1826.139927 2126.850454 2437.550244 2625.987745 3242.239794 3264.070652 3485.183811 3549.933447 3737.160813 3802.926800 3834.408035 3939.547965 4014.185094 4069.637175 4132.372012 4285.372606 4338.202640 4462.362508 4498.305940 4729.025437 4751.527475 4985.363424 5192.962233 5376.601787 5483.721111 5784.132264 5856.850065 6053.792720 6480.694956 6934.933806 7112.326410 7920.099572 8005.741507 8438.910158 8870.831278 10204.70341 10613.57195 11249.96507 11653.40511 14335.16753 16018.18807 18316.89498 21434.90775 24403.56818 30193.25629 32394.35267 37416.16971 40602.16751 45109.79196 84063.05829 555016.6009 1368723.982
